0.987719371
0.986315955
0.983607461
0.957805636
0.953869237
0.952440906
0.950340253
0.950196254
0.940484331
0.925968454
0.920145248
0.916805932
0.911627029
0.891168329
0.882717518
0.873135279
0.867524133
0.861925723
0.861603988
0.856233024
0.846132515
0.844481242
0.843685662
0.840373237
0.833522426
0.831508524
0.820473554
0.820316382
0.795977007
0.785629915
0.735785523
0.734925191
0.720600559
0.718913558
0.716706689
0.710882222
0.707940112
0.705502754
0.697081543
0.693516005
0.661377633
0.654896535
0.603269064
0.60106114
0.587693617
0.586258518
0.574614785
0.559236735
0.538516677
0.528102999
0.516889967
0.503129005
0.502953629
0.501511853
0.475303338
0.456537073
0.441284836
0.435568134
0.417052625
0.41515179
0.397515448
0.395798381
0.380066674
0.375483372
0.360949303
0.353274145
0.347229605
0.336311992
0.33036591
0.300379662
0.275856449
0.272903418
0.249156669
0.239989448
0.23507067
0.232778642
0.232016409
0.2294191
0.220203664
0.210542828
0.195536431
0.183854227
0.178969739
0.165839407
0.165410261
0.162387383
0.161104147
0.147694662
0.147513406
0.13346655
0.131396352
0.09442775
0.088740908
0.085155969
0.082102516
0.078757987
0.069706206
0.048211562
0.024096955
0.017817352